% Ex2_12

b = [1];
a = [1, -0.9];

n = -5:50;

